85591
38188
93117
35058
79349
84494
51833
35553
58313
47600
98028
76928
68280
59020
54262
21930
24102
3027
16389
95390
30753
86772
32983
97501
91841
98269
10494
27600
21877
52041
13501
12524
8361
62021
71884
7055
3455
52037
68679
10911
13622
34400
81015
20352
11050
85830
51097
40549
30062
32426
96677
37247
58085
82114
16569
17206
69041
22361
3744
4607
86972
46771
42624
62410
61235
70855
35705
71898
58306
17709
91438
70685
23204
77441
78326
59840
82712
98161
83342
73922
57013
68610
83858
83824
69964
40587
45504
63131
70735
29770
11738
57915
40352
47943
54028
34053
20410
39789
1383
12
68592
99391
17865
45073
37586
61498
70136
1090
90147
64478
99021
62530
39270
1197
56418
38393
78250
30305
946
71855
48974
24716
53967
73472
57292
51740
32754
21400
93708
96615
84671
51081
49592
28913
34469
10382
55343
81962
31399
67713
80375
90954
89737
35633
37313
84994
97376
69722
35235
54120
24641
8973
23908
17907
37957
14464
83478
59682
80967
59345
35669
91812
81625
64486
24613
42027
2542
19942
6505
70119
2900
24371
13405
36977
35283
93742
57464
95303
1075
30514
11822
19750
1930
64694
28467
44815
55082
40838
65325
48679
60776
91348
4159
43286
10515
98378
19148
7345
34931
51435
9356
71197
61623
23803
25191
32778
50014
1653
15985
93674
32631
50436
58059
32396
96681
4392
26106
60402
96380
12315
68306
87294
27321
61974
51003
89318
40908
42344
20789
82465
95451
5529
97612
72034
68278
16009
33202
63075
83692
39166
26047
47241
6827
87385
28545
14801
30928
82956
56906
42534
1974
21936
36188
76637
15682
51879
31862
1170
5504
76162
90538
62294
90230
78146
20315
11728
32600
20669
65525
11980
89908
81087
44357
99557
81937
7871
7834
46598
84485
20174
91924
70300
14076
16492
63942
30497
41515
73184
84495
99181
45523
57503
96100
25292
2798
90341
49514
46945
94948
17659
32859
5175
63609
92618
57344
73272
38628
71137
91362
64237
24874
74278
24461
71253
45569
42425
95997
61393
36087
78470
72682
21016
9027
69617
20319
58901
38754
34517
70989
48118
59517
94
83627
66316
49681
96161
24318
2453
81229
47720
81290
31298
42034
94503
8302
86283
70642
50789
24886
68690
89551
65214
72281
20202
80352
37110
42283
53713
84004
42208
14478
12616
68576
86362
8739
5737
17009
23414
4099
26486
14031
63618
25115
12943
4170
74843
84115
50934
86235
64213
68920
81785
91922
77371
33546
6433
48018
28930
79423
94089
9289
1715
27359
85950
64409
10480
61349
83744
7956
47307
73140
97449
54519
48374
92855
7641
80862
34840
69339
5328
96246
9225
39833
10215
28298
68089
12729
13267
95049
30279
69685
50506
24832
25312
68969
86098
32605
74714
23448
73193
98198
73156
54419
97793
13829
83705
75571
46918
88407
60125
92084
87194
55977
13644
21864
23644
72085
52632
66151
44238
86184
20732
69979
78632
58066
46179
41307
72100
42553
48722
54046
83000
56438
95140
42395
79745
31551
73812
71516
28039
49160
72120
97593
33303
47187
59297
58654
52047
25
95199
4543
37287
78087
2136
67844
17705
39562
860
39365
29083
28157
41275
2844
90402
36170
72569
67013
72918
74798
74922
20278
12358
4946
60341
46616
20461
18141
34732
48114
76304
32749
30539
33586
39361
12046
74774
52402
74588
28499
96241
10118
94841
42558
63246
22662
63999
90386
92123
75527
12499
78018
84181
39373
4898
95786
75534
50010
10286
7329
43829
45603
56925
54594
15799
29716
97999
85561
78944
1498
83084
82862
50133
7094
39948
68731
5397
41853
70769
74044
19605
42838
65850
91457
28940
20079
6621
88294
95889
51495
58407
98676
78005
75399
66155
11807
29109
56614
37982
51684
19400
17326
44062
10819
62371
74899
97689
6463
71847
52322
34413
11151
52235
65774
56949
91471
17088
99881
17677
63035
73308
25966
63944
51815
85491
74885
25703
73553
80739
96425
68714
32275
31760
9390
34898
56369
42390
89749
75499
11743
14749
88047
54209
55514
47876
45653
24967
42039
45157
77840
85905
3172
39953
22184
45838
80769
57961
81681
19112
57732
5882
30603
26173
89831
48997
20446
99317
95484
11247
14728
96938
7148
31856
81396
19356
37707
1800
44993
90937
14585
39992
58990
61759
2981
43499
27395
96994
70517
27770
26712
71620
68585
98350
33902
71932
63311
81663
95672
18526
91104
91587
87590
2410
49362
76415
86969
69048
5699
33483
22324
7878
37226
26305
91295
80997
35557
6957
60943
85820
1092
8729
50940
86556
35561
86898
86520
47214
14141
2500
38337
85119
50662
30299
49899
66655
93020
13055
41347
63525
78263
69672
11537
24434
26066
65621
60029
73490
93384
2816
5210
69391
39967
43721
64216
51563
97568
20578
2408
45453
89694
46125
46580
81950
39626
30959
65700
36159
8127
82023
33774
50747
3862
72737
36725
29567
19884
44798
51491
86105
17991
11507
95668
50096
68251
88866
80274
81988
89983
29809
54700
31504
75090
20021
55897
40944
79346
43160
58873
71071
17271
27100
85520
18163
76156
70956
89659
26517
18102
40501
90247
92423
68656
17727
19025
86013
74035
20715
41614
8888
73051
69856
94298
15517
24134
41628
19073
95299
3864
41771
54269
53903
39760
58065
97728
83472
96775
35887
19917
24632
13994
17241
24215
3433
99935
80213
80864
34978
79377
74323
80263
30266
78166
30432
90095
3418
47089
10417
90196
62469
17575
65840
79260
61441
93325
85140
49015
24114
50785
64414
62108
18024
21467
25330
29658
4224
53554
1967
35370
54138
29170
97303
87993
26585
99323
26812
8668
23209
57577
80879
64217
90159
42584
59971
32346
56040
53066
5482
79682
96381
49856
94398
41012
51662
80151
97316
74964
77831
70275
68843
84068
92289
5047
68242
14328
59193
59886
5559
32207
67987
70499
51853
96360
5144
73098
50777
67649
82660
6461
24884
38165
57613
52171
39918
37475
60469
21821
55372
38590
80364
7149
90433
67760
18643
60762
84685
59204
11854
94718
65622
14833
23562
76735
91241
71618
17734
51520
54206
42396
59098
3265
23445
59464
77373
93406
26467
59596
11820
42477
90664
85010
93253
21495
94158
96110
16193
11952
14963
92566
58903
83109
47571
11181
68657
92704
50343
95272
67065
80225
20958
49634
72134
49886
5754
22398
43934
74120
86445
19672
21249
18953
23444
93329
6725
54995
40378
40569
95703
58491
37851
82110
23684
15408
17245
26588
463
81600
33175
1600
60115
65225
65358
71237
753
79689
64679
31179
28426
77183
86438
62352
59472
53759
57917
10407
78802
78656
861
32075
71741
36452
81233
82396
73079
27215
6411
24227
19432
7217
85626
45746
4813
19054
4250
87424
75771
79073
39117
43399
11495
6426
14272
54651
23363
21146
88092
37274
80096
86628
90638
91730
77983
75010
73685
23254
98216
75886
47210
4697
12206
39229
42312
48309
49668
8869
99410
56010
72151
8509
38382
61710
17635
15993
91045
35968
43150
69081
54232
68766
27504
91203
27400
80223
7626
14326
74890
95646
82441
69330
11491
63394
94905
90263
79269
92642
37642
55974
79802
41482
34034
68864
75385
81689
46380
17001
80516
73745
65063
68118
95575
82818
65239
64553
23580
79876
30503
92875
38074
25369
207
15493
3143
60933
81980
15456
96661
27175
80649
54346
5962
43750
45829
73454
83558
27831
1480
83967
26370
90441
36913
33347
8891
40340
39358
66412
72088
42457
803
14920
89893
43684
44742
51910
74569
3816
23020
25430
43321
44294
88142
62797
62193
4660
84626
17793
63110
20366
82208
60374
70381
43923
60616
54257
97332
7342
68298
39235
74048
95022
88892
41353
72768
70239
27297
75680
89848
43479
46346
8678
19569
36760
4085
44453
49183
82118
70028
21753
74839
79388
51061
24560
78012
15315
98505
40407
92440
41222
93040
4145
35585
54246
11376
65149
31148
48704
59232
39666
28329
68825
39625
22939
14710
49049
4901
26489
12137
58166
66321
3268
63263
65543
20195
24931
44579
63369
96002
68632
40679
42904
18781
12878
67652
88698
17395
26894
94970
4791
60210
50801
93543
68464
15182
538
40760
5771
90053
77894
11413
61194
6047
13513
68233
86374
97721
40957
2946
75701
99417
40913
83735
42058
26287
25237
37560
36261
69766
41831
57817
87965
15420
35737
19571
20643
35866
15002
1999
81650
73351
67378
13418
27076
71110
45916
72006
41744
35527
18554
92321
37128
75246
32089
22449
9337
40812
80381
44399
70854
58149
6648
17049
3800
61700
88538
6613
13884
50279
7051
11287
51369
23459
92363
78134
77693
82505
90456
91667
58436
80781
46612
40952
43559
25971
93441
99405
87932
69924
10295
99056
61039
74421
17274
12178
91566
61377
12748
59714
40683
89715
84465
93089
61000
61675
30368
29333
18837
80863
33823
47638
51390
24032
91699
87186
43296
42567
59412
63898
3966
8567
62303
14796
46064
62737
60455
22387
36996
45693
79225
75324
16697
66577
13491
53174
93621
14022
42712
72895
85124
9296
39599
69828
60420
52535
77402
54190
31270
81379
31941
71820
20843
63225
50307
8658
44658
27294
90971
77459
56511
57062
74345
44852
71372
90981
30953
22686
86849
87766
10209
96910
93311
75260
63783
14984
77616
78128
60674
42647
72756
12799
58355
23091
40374
53188
9123
78415
14253
89850
78172
49664
42914
64788
84540
86529
8058
11866
28522
18208
76122
98957
83379
24
99231
19231
86623
19558
59372
69632
38207
51115
80684
75750
58610
25646
26956
89327
41497
39286
74747
89071
39917
56980
94082
45123
11703
76379
1064
80149
66902
52978
16718
38559
8180
48394
71943
6963
110
92190
73404
47086
14378
36989
4087
30833
56585
92041
77353
51677
81948
41697
93293
50173
53219
50012
57041
71449
27684
86833
22729
62242
18228
24671
72800
50409
47223
54687
20220
37810
87826
16455
17600
1520
9403
84985
2058
18873
94547
63792
57243
17796
11097
17985
84180
54507
59772
91146
79223
55797
81690
23566
59558
66770
55590
72358
58988
50425
46570
29588
24352
55675
79242
973
75751
65294
95802
31031
93340
65762
35291
53849
71587
75543
48099
4385
4963
74468
63342
92390
48310
14832
76056
63115
90504
18623
95706
95852
68997
98380
36624
60940
67757
10254
68597
79963
11592
32142
61925
82662
97214
86997
87650
10234
89662
83058
70673
75973
40959
6917
45029
70127
1413
61455
59511
67195
61503
75230
96182
43452
55183
46257
38616
37907
21955
4630
91101
78333
98228
39855
95285
73886
34136
8050
82483
62018
75778
22161
75085
6765
86025
38240
96649
81830
3578
37593
63538
10814
16622
66269
10074
36418
33036
17372
80713
36827
36073
33679
1861
97180
14621
79144
22886
77564
96857
19809
86396
58543
48466
22989
34242
91851
30958
63559
23699
69125
4337
44937
11062
19014
78059
20204
65004
98665
54125
50222
31188
86594
57695
95158
83568
21926
27637
75727
96254
45229
7120
84182
34654
99022
15203
6884
21967
60819
52264
62420
39500
62425
97799
98622
69798
30626
49781
89589
92485
51127
62205
34422
69526
56981
1554
37852
58827
50070
88931
41377
69501
89505
5376
12761
69637
83548
46376
56595
80017
85467
35728
43904
35432
35007
12881
33468
85766
76569
51269
60438
88511
98184
31692
96247
88065
77165
25549
68151
44224
88829
90476
23582
41060
71776
1386
88185
1110
8906
1567
12805
68847
13619
89849
58450
46073
28759
95060
37132
33016
25307
4461
3106
81185
12050
7455
77874
86062
28419
78562
83634
15963
92808
15725
11322
79257
17027
49277
86034
84922
74195
24217
14528
91180
24151
33205
38609
61204
86570
9924
83726
59433
36226
55965
90730
87500
42389
33729
21229
9698
36344
8177
50174
50933
43601
7872
33847
34690
23321
57747
9096
64450
26302
79993
51463
23388
84604
64494
14212
18857
70861
56525
28624
80473
84323
13926
57878
93768
33947
13538
4569
9557
9229
74887
95360
32846
58442
2459
65234
19510
85572
83930
113
4959
87111
51181
34922
19871
91757
43231
51292
75319
485
67552
92747
64314
62670
57154
52941
95389
9188
70795
29602
433
50387
90342
63185
15886
74349
70163
47044
43704
89369
39692
52509
7234
82873
84813
11883
47887
70074
44572
10545
60245
99674
38005
84907
26623
23149
72676
5155
50353
86603
25035
39173
91210
51131
82656
90287
63766
11123
82941
57407
24833
18342
4679
25309
3324
94337
77718
31258
64124
50956
8256
70851
84332
40334
65494
69984
58891
2151
4855
44470
7347
44265
94504
5611
53150
15491
27745
85701
87466
68566
60079
88877
70328
19523
97131
75936
30537
9441
4833
96398
18558
64080
85699
2498
61763
81051
6003
31808
91920
85037
17109
1882
22577
82924
6548
40283
12752
59793
80114
22372
77469
8383
13937
14965
65161
77984
80691
28910
8271
26560
55864
44216
96721
88918
52692
42498
15833
89664
75493
71550
18000
42151
27948
5975
77736
22734
43975
8286
15826
35899
18512
99293
54415
22026
91264
48487
72536
21627
57496
31934
76282
5334
17481
13102
82863
80273
49300
20677
2048
63827
10580
832
23516
11683
92633
85426
77821
37189
54555
90898
62391
90748
16632
27021
18754
83863
35513
68562
59037
54005
31359
22878
80024
90659
4931
78154
23593
94004
65521
80222
82207
39478
45593
54891
599
73100
30885
25153
15401
69494
12541
81123
47435
99762
70742
66524
28740
60845
82111
86419
27277
36231
6955
25391
14769
89816
62182
65210
23111
20940
87836
5651
7081
84523
47735
37363
27471
56973
32949
43816
80847
99406
59394
5677
13686
97047
6875
70432
23053
3809
63577
67489
15212
9287
30841
94555
58303
77687
75990
42725
54927
26050
97922
88716
42688
30154
14435
42746
29855
12853
31079
96698
54079
26208
49221
28922
9637
61733
76689
63492
7122
57129
18997
28333
79879
59636
23338
50768
48953
17878
59996
94348
25448
82840
47001
35349
26504
44025
16673
4206
90729
74536
7818
36779
17891
14563
61018
60106
54817
22439
99659
45033
28816
38687
79119
20550
83623
80154
22273
75775
72450
30107
11334
53961
68389
64122
28369
77539
62061
60655
36591
1901
95684
56113
96492
32329
32483
42899
56917
75951
29151
19525
75196
665
54758
5796
5250
61689
96138
66088
4406
69615
62818
91311
12844
59302
64918
31524
10890
73202
98707
1628
90853
95916
53296
28574
17394
46976
38769
31334
84887
11892
2087
62886
87691
39955
21207
92183
60199
74760
97948
76501
3199
59616
60786
18169
92161
53131
24241
48551
82157
60856
92261
83021
178
82222
9266
50446
43634
69588
4287
38874
55823
98682
35361
91495
80281
71098
75396
27151
89740
10611
81324
44000
96437
7184
67467
88428
47708
6758
14544
50194
47918
60994
81151
5357
47916
48029
22972
84957
73241
92389
8782
73499
92974
26832
43899
31278
70730
14884
85070
62717
98602
76037
27498
98719
97650
99730
29548
42003
46230
35043
66003
89158
55434
36325
7138
8305
48865
45249
59298
63730
65726
69033
16083
61625
93038
69717
88907
69842
38307
59241
81389
48253
88251
90862
8601
24687
60014
11443
10508
51207
23437
37797
10085
14334
21596
36168
14683
91367
19392
65054
19726
26772
68247
82218
2974
38426
54596
89443
70966
17305
62115
45442
55067
58177
96693
84500
2815
38209
24780
8250
2888
30451
68107
84498
44024
75851
44930
85951
84679
42769
63720
77772
87274
91339
69489
71888
58360
60031
39856
74350
17295
40172
22509
34079
29724
63470
48745
37767
6202
19443
46284
59759
21805
81085
21075
93298
70165
37387
23891
22984
92813
90814
87340
20117
21135
31182
15324
5393
41500
75304
16577
57788
34132
48453
24182
26890
73726
92685
4546
87235
41542
45068
19391
48878
58776
70761
21311
69945
39526
15923
3266
53026
65459
19055
60036
41971
20454
562
96796
71584
66507
43421
84835
92464
38739
62116
37988
98849
75199
87410
19278
74086
95491
57947
44392
90327
14721
95897
62781
5253
18274
88867
72215
15319
40380
3250
52642
80939
28883
58454
46844
12121
42777
7213
79711
84058
25578
76471
69000
29116
36428
25652
2955
10956
70570
58387
88744
88022
11452
67081
51697
25486
64286
41649
79058
79308
67050
7346
87394
47325
52108
93842
56051
48448
50608
48867
1597
37309
45209
46052
40381
58402
73535
11481
28271
95401
58224
97193
54474
57999
37831
21468
95420
55552
95499
54289
18293
76962
78372
11282
18827
27234
39745
62208
68852
43963
8665
77421
99105
49253
11593
867
53668
83729
35825
54331
22923
72851
60570
93093
74437
98991
17947
26117
24380
50039
37940
72596
64302
5535
39582
76704
39834
64762
73306
96974
60745
29428
3517
320
20188
34429
39343
83958
83435
61936
16276
85696
87282
54677
23510
64472
90156
84513
32079
3728
15644
36335
64625
8745
78497
97722
47416
76161
62978
74130
57156
33804
82312
89903
62395
90996
15674
48916
67177
96070
75400
2299
34018
21344
76238
7669
19154
41901
60429
90869
17759
46843
21405
6932
35739
47338
54986
83394
46659
6385
37992
38228
69417
83747
10069
67353
25403
82317
24018
12387
78480
98648
21906
71265
42284
41446
89780
39462
35580
89842
91483
90222
47516
12561
70047
76027
46088
1690
17950
67917
36885
48891
63556
54000
44605
21368
13424
28557
20257
65979
28981
24696
73224
80403
90394
68898
69742
93394
72235
92047
99130
14937
54702
60357
10013
15278
17200
2277
62851
45640
90577
47522
18220
57925
78335
44832
22571
93047
39935
3769
97577
15544
29144
16870
90995
18659
90183
29697
40295
16429
17067
10302
55680
90546
14643
10188
2464
63472
99265
56524
5572
25736
14131
4298
86479
67302
77748
7768
61483
15587
33162
5672
8683
39537
87501
1346
98900
12648
16225
78878
26922
77018
26217
24219
87896
46076
3835
11898
19078
97805
36356
75989
45591
46163
21044
65619
95493
80341
31696
66179
74741
8957
12989
75777
1832
69315
28442
93822
25106
36943
22514
98830
70402
567
95072
12934
28051
66085
92767
62221
48033
91505
77251
24264
57627
88280
14067
23704
46507
49756
55586
28085
67403
29825
53422
14790
99799
41193
16202
61066
14459
68121
17814
64987
99912
47349
92370
37784
73024
94651
5322
10780
43006
64711
15167
50434
37173
59892
78694
96491
40895
90052
58190
29605
72602
53383
38088
56093
24744
62347
89015
48161
23500
1675
88363
64441
13785
51952
57417
68506
86317
88672
11141
15626
18791
51748
52510
91099
77405
13332
22114
8481
47672
26094
44385
26248
77982
52990
16090
30522
55666
95053
65419
36505
93519
76273
77810
35779
84388
52459
46674
62367
87382
53011
63508
67032
36554
19316
59589
14160
16015
32858
64138
65178
30254
82361
17643
3895
96704
6927
8942
65291
88880
3506
23474
50152
79244
89024
42854
20019
39682
81522
81688
12626
99637
10029
86649
98514
68150
64512
61082
38477
86781
65260
64258
66164
34296
45038
70848
71646
2316
4141
56414
15615
50283
58997
41229
49327
58006
60248
4716
4306
23182
72963
86430
39720
92544
21514
64419
56450
17627
40954
93811
50997
63891
14336
74560
88476
64297
86517
72585
89833
70699
75000
61580
62378
73695
20487
7305
51299
34523
64840
49518
88668
46237
37281
42006
3689
77393
5913
16803
48026
45727
97262
76541
3525
81940
44729
49882
12759
56118
45238
46840
53992
46041
7398
86670
32011
32455
30752
84945
40907
77664
11133
90176
8585
39965
15003
44249
22253
2583
70571
42744
4899
60412
86214
55374
74455
67470
55203
34946
2674
91220
61564
77068
2914
41486
49510
74757
51157
42260
75043
12809
64010
13114
90552
88488
26988
44035
65107
65898
87475
44504
21840
80586
39258
47622
57146
26444
65136
83288
9872
70232
28059
37664
34754
6230
38970
75172
52694
29607
81863
97371
12053
94071
75784
12416
77576
44150
35830
8817
74242
69607
55981
27490
10048
85398
39563
66144
39309
56742
86960
70772
41071
26224
54304
52730
32933
81915
67550
59405
71770
23671
2438
82292
92187
67662
24450
75608
65431
27912
86613
97282
61249
35118
83614
69824
80533
56849
74202
95238
82150
7848
68454
26299
47746
60619
19365
31506
19722
97836
89824
39357
57067
53773
41766
8444
83090
26680
54059
34987
37623
84678
21048
33612
90027
78804
30950
53197
19655
25154
3631
32189
40703
60838
63620
73377
57164
55314
84793
4850
26475
20887
35744
17882
3819
33868
36408
86333
72182
23066
84448
94696
63680
2609
7251
11000
41144
78852
39056
8333
53347
47636
88037
86170
11836
52021
94926
18423
30938
14671
74838
96269
65568
15812
68414
87060
76076
68846
33004
65070
11829
31205
78619
16027
41079
76588
96631
51111
98090
97512
30924
55426
18910
14000
22957
28063
35985
57602
53526
33332
77264
7330
64272
69922
49113
91700
14806
71531
55545
62240
89487
32289
36403
18993
47578
62288
93804
48200
40392
2762
84593
79405
4562
96921
86798
7166
90529
88027
31414
33158
72447
50422
40536
83748
91831
47560
15997
70111
30983
57986
50917
1031
51508
33493
39438
99177
30862
38983
27575
21001
57520
82752
41573
84466
53253
4440
35918
10498
64447
61746
96592
54127
43610
94029
55360
13159
91551
34205
66366
8698
46118
55164
78920
95581
71791
96703
42830
59409
91122
3584
99873
6828
84066
84094
24083
82595
58117
84030
17837
403
52515
82352
40048
41120
75472
10778
14526
20686
32716
67681
93528
85089
17051
77858
89883
53780
41864
59177
62700
17499
34167
22738
90107
77728
42936
36935
26039
54328
48182
23840
51576
49456
74762
29423
2717
3010
73207
84817
80216
82133
29977
11662
60610
25987
34312
91915
22119
6525
52564
81003
56217
34099
19562
11673
48224
22298
15381
1850
94186
68922
57037
59468
88291
64769
15533
26626
24975
34891
37743
97837
64771
50079
17065
56532
27080
78654
28254
37089
95251
88760
24820
54831
23641
53546
19129
3771
38036
34314
30865
80960
59110
32547
48449
76402
89688
84834
60052
11237
1352
61457
17459
42368
90835
27815
93498
50265
92858
55481
96482
78275
33584
9575
12488
73007
7700
6830
43628
30781
61726
46439
79478
87921
78411
93004
98073
5965
702
33247
66131
81219
49930
39650
51733
87983
48614
17332
73342
5390
76085
34116
22264
66027
64597
44456
61352
17290
11750
41591
93094
69523
56744
18585
34131
15314
5788
16760
65432
36831
98018
47263
56372
37083
34500
80338
99819
34571
41026
57117
21624
41358
96582
64392
19826
72833
86169
83447
57670
6975
24762
19480
7152
30128
24004
4700
61636
34108
21437
92531
61228
57203
15207
64868
5346
57870
46729
92933
73512
63596
59999
64616
14744
94340
19405
16207
45823
12265
26703
37239
23678
22058
98295
66681
35755
73825
86918
76765
27839
76486
540
68945
74814
23667
54580
10070
32264
65288
88723
12360
43077
3402
37261
89300
89212
15989
51664
48963
77376
13902
42406
20155
3784
10625
60323
92760
86447
62895
59513
82359
35300
77883
86246
760
43178
5747
86005
81574
59388
42587
95885
96248
74600
16950
27704
6380
84363
37087
42358
7279
97491
9269
71716
78943
49989
12130
52279
33444
23332
31467
52286
11690
2688
27292
21356
50921
52742
37347
84825
98639
85729
15807
39131
64336
56670
96454
40645
89779
79103
17208
47060
87231
12597
48163
67194
26197
64175
58385
50867
62447
35190
73801
78687
55452
11825
99154
55382
48265
80460
24426
56899
82665
55838
12182
5300
67284
44793
60755
88662
29390
84883
89946
93537
20325
64922
69111
82517
84833
68770
11006
38103
61370
57325
10378
62601
19478
16749
39375
32591
56063
38729
74519
6255
72219
10031
5910
67294
14107
66932
55694
54135
12384
60903
86619
94412
74511
33211
46590
33405
76751
10717
65987
2132
14933
97060
86714
60670
23534
23882
51505
5932
10917
54558
92324
39013
41149
76966
94908
59637
99267
87852
58975
81764
34743
44739
24535
27665
24259
10252
97914
79174
33989
88265
13936
56858
70041
2348
766
51764
15293
1743
85957
62537
60314
90676
53096
86208
97549
78890
95146
63795
39688
81067
80837
47281
90526
88316
90478
88487
51773
39669
11486
16395
1818
25008
14668
2082
91230
24670
3514
27424
63060
85016
85162
31690
57119
82058
70593
25023
11284
39441
60742
19420
62126
55296
2859
15264
21771
19978
96833
92090
58361
63576
61799
2572
58918
76706
31801
26389
38644
74636
51345
6674
43758
1032
13456
82629
93466
54484
64972
96610
75846
78097
95823
72653
38112
4851
63897
52386
63714
67286
77468
94976
88954
63950
30396
93623
69246
2492
55312
75550
41399
72516
8324
35107
84974
54675
62041
15327
64852
81618
84696
45451
58762
91424
57177
2727
37750
95185
25192
61504
57424
30422
66536
28796
77025
78918
86108
61402
17191
38455
94764
93242
51166
54638
88225
85524
96283
47219
61908
21237
81506
27159
37022
90531
98206
11297
87432
63293
16920
22713
26146
20488
79396
64511
13225
54523
64713
39800
30765
27450
72984
6166
2376
47026
34184
46798
88726
20788
22900
65991
4190
8344
44267
56442
14938
80945
29712
15818
73660
29372
63748
33793
44606
46562
6117
73010
35060
19815
90457
79205
87750
13650
92589
6608
57386
59917
99059
14539
13879
80028
79908
13352
73724
5501
66493
13816
21895
82565
15474
26920
47400
20582
95466
38289
92820
99872
66308
96017
13014
20223
84815
47675
43857
18058
16119
26462
57554
54493
863
32154
62084
44737
37585
66194
22447
11171
34867
48815
98939
54396
47270
82502
87162
32171
98724
98763
69422
55275
29908
18087
56206
54186
53648
60129
67653
89417
47418
3901
58009
19082
1303
94060
67809
9120
11112
44342
41262
52645
21538
56894
8056
51546
99508
4861
86530
84078
19785
75308
7577
82786
93502
86554
68128
38761
54959
52691
89243
91853
72562
39888
94575
97346
41116
45109
1035
36671
69178
80006
19249
91789
52944
58482
84394
26887
71358
81836
81027
85463
57952
91418
45252
85033
53019
25859
39522
11046
4845
70442
43842
51117
95040
94225
97000
16515
68219
70882
37214
28014
12166
72323
40927
68332
44657
99227
83320
20975
3069
3655
70770
77660
33907
31632
39838
95225
55410
66227
14475
95942
7857
48887
34046
82180
66518
46461
16228
6256
99163
85322
16351
58816
39054
75030
96581
683
44430
30945
97748
76230
74133
93670
82279
69899
30649
45919
39216
37294
87414
93697
75073
88137
18346
93631
49501
68113
96667
32457
13792
42971
67692
76332
25238
47352
59547
12843
19209
93276
55796
54008
10740
12091
8151
55690
17047
62423
28152
58479
10233
48404
88712
68977
52789
77101
73265
68019
51744
34562
76585
65382
83422
55498
57682
90310
64165
95907
54646
18919
66294
16662
63539
93211
59993
16958
92343
67264
69355
91025
27871
59694
62043
4273
97844
20557
48409
15566
53558
14461
15842
48442
74942
5279
68521
20093
15432
48688
49081
39748
38532
63691
3667
18726
18630
77283
55280
6376
39998
37156
28256
23996
96948
64067
273
16033
71766
45698
8855
5856
54732
63068
75112
40593
74155
59293
44279
49454
62289
94376
79391
17407
99870
18156
66160
60415
99834
58973
87453
58861
19527
95402
42626
11706
81889
87097
81735
53690
50755
30516
51825
44433
70909
6005
87876
58077
96457
84661
11603
21707
92695
3251
74972
82589
92720
40481
73537
84562
16224
84399
73315
11161
25221
81094
71019
75609
99302
6930
74743
68387
24824
98377
62368
65881
2446
15765
86278
69711
23559
2486
36039
26975
32150
92486
75963
58226
11094
69932
79541
41999
52664
77187
5896
64418
3049
44558
57280
23659
54386
3153
69193
41599
33708
11930
15026
13019
71012
22040
37401
18878
23942
33496
11747
20214
40212
53382
88946
22176
7721
80540
42636
23784
3561
93493
7667
39062
51110
12942
41948
18672
54109
42495
33807
49219
15855
6799
26549
31407
98583
76812
30997
64615
66666
98617
66115
50469
15083
35296
7947
41724
60925
72498
53356
8579
63461
3788
53411
83039
30636
2440
35279
72623
76830
88486
13305
32285
72706
85400
16458
39926
74481
53313
58455
10998
83335
65592
26667
18660
48929
70836
22044
32133
70455
55542
72764
59210
5477
131
60902
81360
37912
85597
21939
71
7887
63201
35822
78363
32884
89128
49827
46061
82864
27886
76697
66889
36872
5961
21157
96886
70004
73804
9166
39405
11759
51813
91544
16118
18304
95036
72938
36629
56618
27636
80012
66167
41720
89404
44909
83252
34257
98657
92766
59338
35784
32234
86805
42157
44778
27606
60266
78579
43051
2080
90681
17527
84730
268
79794
62459
560
1255
88172
22745
54154
72848
91290
92182
64091
99937
51483
70533
10636
85078
85362
10161
70601
4056
88029
58350
88112
16176
46267
49332
78815
46919
50692
23224
91361
1105
16353
60646
48559
25295
58271
1227
29035
97405
2592
99407
36848
89201
92955
46900
25101
11792
80405
81951
39738
94084
28986
30704
64724
47579
4822
36799
92280
92663
79433
27405
935
25701
83681
51915
14541
36352
74593
65578
64751
22344
25397
86486
96837
74148
88103
89441
79032
74074
23006
8566
77091
16809
97776
8526
16702
34029
74698
29879
68561
95538
35956
25146
88864
3030
90831
88832
69853
80538
33150
89218
73415
59497
256
55982
84012
88224
85200
6797
42336
56694
53330
15953
89151
67933
61156
64955
47378
67797
99486
5697
94531
29431
6155
36429
55058
69784
58833
41450
676
51361
25507
43870
10722
74949
3325
96658
29573
90380
55550
9757
32765
25805
21558
43152
40737
8237
82050
81958
12678
3653
62910
56616
3148
82090
43817
32821
32394
14134
62072
31242
44669
7134
43724
68114
31030
9556
78638
81207
57478
12539
81965
58517
75882
16361
11211
7954
4370
49465
41062
90880
8523
16716
8126
57923
7181
39514
80050
82075
56602
8623
13346
88809
7312
73303
6842
38655
49998
52649
12560
80911
98561
53884
30554
78587
86471
81789
1390
59429
50321
60844
56112
81292
81163
13274
44514
85317
88575
3404
59516
67792
43017
77045
25228
14156
13459
1610
78010
8853
77710
25377
75132
16512
83540
66702
33591
46581
55182
63097
94977
81376
58277
24369
31870
18045
5776
7928
16735
40850
76614
57127
67256
85420
98877
46890
40788
76502
70928
19087
19321
61541
40458
79079
44944
38150
48343
1059
67853
76865
86203
88906
7512
31114
66467
73328
7157
55320
45064
25612
26263
26379
8965
44767
24819
87537
62354
91066
90680
61263
78612
90756
43403
75813
74199
43995
80753
39273
54879
43072
21270
13742
59546
5530
65002
28757
484
83724
29232
90861
30182
61149
81778
27936
31328
63012
97003
49271
26911
52469
24149
881
47555
1296
9664
46908
3934
72704
15098
18664
38086
57725
25480
82750
76767
47174
3890
26099
25929
37237
22825
28697
34340
94219
22843
44540
72680
32239
23401
25688
2817
23078
34313
13263
2751
88795
17988
49666
85835
44352
27556
39986
59795
31476
48804
86626
22460
69065
81684
56848
93184
8569
15531
18931
17143
24856
25124
69803
49570
91010
49054
41674
78584
56300
83380
32053
6054
80744
76981
24785
70184
19472
42949
32397
6980
82504
36709
16575
66619
76556
64092
27425
95328
10670
61691
86966
80594
8503
21945
66665
50871
98475
84550
98452
66736
49055
65350
68012
60852
23461
42182
93387
49005
68875
91030
63346
93801
64853
62096
35171
76177
52552
83637
76543
4797
27158
28773
26607
59255
30721
51891
28651
40107
55708
49425
20605
49034
33361
72161
11109
17606
98516
11013
38672
58262
68002
46081
30169
5392
60981
67143
81412
44089
55850
59133
61282
56689
53602
48170
65213
41552
35785
50118
3239
23536
57892
30643
34815
84587
9946
47067
10802
38603
65767
67212
71650
84365
10244
29850
12898
15543
9351
47216
5017
71568
26254
43746
25774
43154
32771
39677
97676
89592
35974
24987
92489
79171
18070
98616
93871
96969
71188
34227
1118
39252
36942
45433
52928
53183
76015
99327
85892
1558
61866
85733
67193
99766
19566
52101
29829
29743
94809
98190
27508
62185
30634
67610
76939
72432
61438
94700
60476
44650
11255
41035
24621
56202
91480
54747
27470
57498
58978
73196
3945
49112
18212
75695
16822
40051
96705
1268
65509
86356
46486
44541
29555
54938
55799
89884
52870
99987
90507
70464
39274
42739
76933
3046
74393
4221
18236
20144
74473
82554
79036
79670
75219
51234
49980
26765
51201
8350
70056
50650
24685
62230
14239
43101
74647
59183
83755
39930
12221
22468
13672
88458
72470
23283
4202
90311
79084
64043
24470
26083
9108
50579
37200
26986
30544
38155
86451
68733
9172
59593
7530
48319
67964
1447
22521
53852
51262
14515
16926
70313
54842
62685
9012
50986
27063
17030
26958
40600
56649
93018
87135
20811
79129
75378
40673
77003
26604
65860
93948
89762
60156
36102
26437
975
18702
58422
8384
52328
79278
32353
68925
43108
74609
64350
60319
75514
5122
96638
11941
37737
84711
59809
91791
93277
38987
51260
80350
22954
54401
32654
23537
96107
56633
60008
50418
86386
24044
91556
74529
12521
51583
91572
5723
31417
20700
35884
82324
70482
38258
87380
8748
91494
95228
94687
28476
64682
53907
99858
72459
15889
48330
99011
13791
66112
42731
53752
59105
21605
33130
27180
66330
5850
60577
3501
9593
83737
91027
88555
60542
49958
45043
97774
52342
51992
4951
1407
32847
15031
92943
17888
42875
87856
98130
60849
60470
8943
71883
86117
31757
93530
57373
18383
61707
36587
21150
22359
2367
79559
13174
23230
38554
16272
70078
97182
51229
22079
10169
88000
1469
88785
35815
20119
57757
46935
23322
28399
93639
4514
88479
69769
57941
91323
6259
83203
68534
84018
86840
93901
86512
13473
51199
90485
40412
58194
6870
78407
611
6378
26442
32728
49105
31265
26212
11978
2102
55270
3662
1908
44186
25185
89123
87680
8280
12661
87046
22004
94897
5768
67174
14114
42879
42294
73669
82154
24844
81877
27147
71002
51781
56083
15834
30462
28020
13878
46737
42384
22756
1965
52709
85720
1570
51011
27887
60132
28848
8652
86240
36497
85189
81777
48362
5759
8825
28647
53883
78494
65480
13344
93392
70278
74606
22473
33022
12418
78625
42513
82689
91267
50930
88853
90927
17423
43522
22980
83277
99839
90128
41676
87342
63193
8849
43922
2313
79761
76681
58839
66981
83963
97231
30464
65984
77000
92357
1742
30488
2780
80786
99475
16260
30984
96719
56164
99253
31922
10405
7854
18029
49089
65369
38877
26478
19879
49250
26789
84153
4968
31203
95067
78390
58160
96895
43082
17598
36454
41620
84358
99679
5191
68271
54380
84940
37808
98376
3105
30016
96059
43420
44922
31752
26976
70688
7087
87163
32550
90092
91262
94306
29156
79700
50002
68350
24057
57981
82546
792
8469
64440
9173
25226
6829
83147
18550
26767
16457
12027
22764
77677
71938
26787
30973
66509
10245
55868
95025
61220
40824
21516
94591
25891
32102
55576
23125
79410
32632
39728
75552
58755
83309
26398
10487
47131
52198
49508
21989
61697
57852
55403
66229
79874
96328
56810
99657
20431
63176
2596
99867
49993
56019
10909
99465
39351
78011
70411
20027
72463
95243
23029
33723
49866
60771
40088
59454
37122
49171
73681
79432
63025
9429
43677
17911
93698
61506
20280
24854
547
1682
65627
95730
64415
53025
54502
51727
97280
48908
50336
64166
40345
84023
77110
9336
53580
5089
16315
50439
74135
21281
25457
57186
33457
98510
94666
45688
66795
92946
64044
83228
90241
48258
91285
7563
85315
55579
96424
32347
31765
62616
4522
47371
82700
92610
88660
3703
87251
84585
19383
34253
79355
59699
89268
19315
33330
32429
78924
75804
86848
21158
1617
15300
12098
84462
93272
50377
52122
92545
76829
10531
67965
24749
55436
21734
55950
33144
39612
65620
69887
86309
50172
76818
40367
96198
53950
98626
95374
11648
14322
83385
75053
45140
18705
35261
98137
27462
98079
52162
91620
40383
841
22072
64451
206
12697
9154
54767
68807
54636
85789
37793
96081
56485
22365
23121
49106
24431
17607
25954
63762
23853
65878
14449
59069
74329
27862
24331
26337
7730
98292
23950
99505
25150
33993
53581
57767
82160
81844
14312
83418
21774
10460
38420
11233
49509
16342
36275
8423
44846
3888
76761
30773
62638
63595
99684
13213
1246
8002
34875
98539
947
87205
76342
5486
12693
68463
951
49239
79034
68167
99793
34843
62027
99209
44175
79216
56289
44112
48599
89372
44967
41317
31404
47344
87173
52228
49602
80059
7502
46665
43287
13130
404
59889
91528
52665
95056
18201
3365
78893
16108
69550
36630
91654
98492
32576
48290
59233
81048
89939
86360
62285
67490
54149
86537
24633
410
83633
42229
2179
83070
47212
5997
96444
42667
88857
58236
30612
79529
63509
52450
96889
80293
10665
45656
56087
62406
86289
91684
13166
96243
50444
38517
79583
25569
93315
18764
68164
74959
93934
66143
4160
16759
65264
11415
39498
88219
71925
61184
22027
58495
15162
63198
86853
70866
31575
31897
27740
22338
98730
86474
91738
11722
13824
57002
93816
3830
21002
42795
50264
36747
28885
94263
33767
87285
62429
87897
16134
87225
70063
83040
95081
64482
90673
43620
29334
78732
8476
84408
44987
49415
94036
97382
96469
95030
50023
85710
84161
73649
57273
30587
29301
33959
15163
38138
11492
14599
44595
97069
77620
24662
97598
15218
75083
16700
41074
49832
75617
96589
220
8111
77340
70202
24885
50875
55535
41896
47844
89037
16555
68124
86998
78855
77434
13970
51814
1204
70555
60372
41409
18966
38905
28692
65514
89126
59740
19323
78835
37144
19119
97918
87208
92139
4501
78496
41961
40487
65847
90256
16182
35841
92605
75231
62689
82716
28272
64883
38206
92293
49375
7708
43665
20014
93947
27605
96030
29500
91803
96433
6889
23464
95341
51355
39203
86409
20865
2826
71819
51417
44225
55369
62052
99315
51296
51257
9414
69185
95257
37098
37010
91275
25571
91895
71828
51612
12755
17157
42391
98601
76072
93007
59969
85804
21455
75649
18030
57918
63234
38152
18982
27494
28591
98091
25644
96379
85359
47477
95152
75455
13362
88908
19346
49355
89056
22049
7383
12589
46607
62111
23544
6877
15380
67559
85209
44366
77777
56861
19473
82178
94706
52952
32112
4455
15571
31569
51989
64045
39674
90175
78139
22608
85563
97674
49200
90674
87914
86313
11745
60774
85237
50082
82881
85615
58342
48145
15728
15286
10831
84070
87659
66813
29482
3018
76919
75101
75055
62848
35877
90928
97695
12393
77709
23736
50326
63463
84488
92109
56840
39107
74897
16414
13033
42628
8322
93555
70452
24233
53127
91847
2588
51615
72883
70309
69479
64036
8379
68013
76640
70645
93552
85419
16264
98695
27192
86321
15378
23680
78525
91123
23584
697
72708
58619
41195
16127
5130
16884
75377
27030
85542
21130
11510
73727
33654
98706
4588
11090
16346
66341
39135
47652
71359
22492
55450
86266
11
39400
6051
68084
38456
86397
70005
58316
18331
75637
64283
91108
41017
46152
79452
70544
66924
90168
12977
86850
5863
31077
4814
24651
18568
39283
28208
17590
72361
28316
77566
47063
36358
16841
95565
81567
9746
72069
33419
50040
85166
21406
52436
59777
10912
33315
88673
55750
91031
18775
70242
26707
9248
82518
96033
35310
82984
91331
84616
25248
93643
48777
73877
86155
84904
67033
79291
21501
55009
20118
41465
56836
3396
79116
32440
35405
16334
69660
14416
89650
71875
53317
8645
43169
83909
43714
19179
29591
35867
1292
12838
49434
29127
49628
13762
16187
23033
69006
95463
40180
77178
12522
69331
45731
91810
74993
36961
72291
79621
12984
6286
22380
41680
98549
51060
23681
45242
97163
88842
69688
72308
77937
52776
62503
77635
16721
33955
1244
90001
67314
93483
20380
86188
16563
18700
49650
74391
96393
35044
6929
95082
83780
48516
92733
32651
88895
79783
54820
92639
60003
23999
57535
46399
61428
65828
37594
36152
56068
68235
94170
29984
40001
83313
11395
40063
53282
40991
11814
83188
10416
10052
95676
31462
12272
21641
75407
7525
11086
97440
37467
72634
64598
1401
55572
88740
66674
95787
17881
62869
65248
67503
89800
88706
69783
91472
16343
53145
1821
80777
24927
97768
955
93606
55702
70035
98260
45227
96859
86661
69220
89663
79848
5551
79609
58805
22089
88410
68618
22913
9846
48110
17474
67329
46306
6672
55407
64947
49688
22345
48927
14841
44296
89006
32737
70663
15448
38019
39213
63324
38475
34701
27926
292
96734
82729
74559
51592
28503
84275
67571
4643
60693
80969
63998
7536
46628
772
80678
60339
43063
39105
46385
14046
675
94690
24400
52699
46469
1161
13282
56466
64493
25892
11107
69349
67412
20147
53833
16232
63886
905
20398
86066
32785
29634
61695
51820
49061
39227
47775
56143
23878
70310
35321
14246
57484
86019
57587
21211
18333
46365
56880
761
47085
92958
26013
14505
24846
37342
5276
17521
51713
55188
97507
43412
4142
21012
87320
26082
62822
34838
15570
55193
64103
72105
89356
93627
16703
42583
98446
52412
65779
95157
97241
50967
17225
14382
14139
2772
16531
20387
45104
65536
1788
89710
30999
6820
44845
56317
78261
96656
1052
56928
62939
36991
10828
99732
56223
32472
80951
19987
95584
67009
24492
32698
36849
15075
34541
91875
32421
87337
56250
26006
62114
92597
13508
91900
95742
65841
80098
23748
24729
77489
82432
83162
19493
30065
15789
17340
52596
5028
35895
25189
19163
55876
2314
80801
26167
11919
6678
49853
53385
68809
40166
91771
83009
30333
29068
44063
55846
62809
8041
66828
84393
6770
39883
14425
35290
47654
36773
46009
93268
54797
32370
41922
6233
23822
5359
70
6832
86563
97616
27784
37397
61873
36721
79498
13207
56479
33064
64393
47655
43815
39892
14618
12699
1790
89517
72321
17079
47260
97162
47367
97377
77189
69319
79261
48705
31228
85229
27529
50338
11433
13941
17102
78883
15775
5379
76881
85767
24960
25287
92361
58427
12928
9814
71641
81134
39515
95073
62154
99744
26476
69934
94472
20142
5742
16755
25127
54815
72154
93271
33099
99530
73445
45526
47973
58783
82557
94021
15391
57163
8874
63284
54919
68650
66043
2867
21880
78532
35933
91318
16899
37965
5956
74209
7968
90938
24928
97087
52100
64884
89744
69791
67303
9828
21694
57376
98399
66752
50351
51150
52540
79589
27122
24125
471
20971
28548
77609
91320
67213
59695
66036
94447
68822
33925
39768
28879
38844
92832
35194
72371
15611
22427
29350
5978
69935
31223
38252
5123
83835
19416
36406
17428
35446
6752
84202
32637
27521
70070
15228
183
85019
45542
82927
79319
48380
42540
92466
71994
34608
94644
17512
53522
80148
38652
42550
7505
82045
1364
46593
28741
95745
36659
23165
33552
2049
70436
76449
13951
94712
97749
90192
50067
85698
33730
82081
83139
79212
72204
57958
28919
42501
35231
26728
76239
82549
98683
51834
20400
58465
30372
95657
95195
56872
48318
19442
62784
12280
65006
23791
60213
24251
23083
24754
74666
64293
95614
23646
84877
36968
2758
40653
21354
23295
51668
90094
79668
9103
18811
9443
55888
32145
59640
84557
52757
13137
94936
69045
17995
95258
98362
1545
79074
13071
49528
50330
2715
14422
1776
84473
5733
17324
10957
35082
18695
82232
78595
1769
1231
13938
71089
96486
44353
92727
11136
26518
18249
62970
99571
73774
58238
21383
40289
43483
62771
20252
31956
7323
71241
90707
35056
82245
71252
16131
2779
5836
13476
71387
38894
13443
67048
54432
18590
158
29401
3145
29710
55985
50512
46309
85899
37597
89707
50429
90015
93696
14733
64463
22224
13334
36937
46833
9999
80700
43741
15512
47250
11115
5681
79233
19805
23339
56181
69531
43888
78592
23771
89054
55737
19689
87460
90067
81888
37618
45663
13621
35532
65437
86734
34786
93232
10009
285
19482
85964
19213
41976
19369
51196
58549
62709
8822
75739
56027
36500
18961
11855
42343
23838
50465
46217
64776
63083
90888
54256
78871
83440
43707
18116
85715
32231
50224
54874
72002
65156
70614
69962
64566
69792
70282
30161
50413
10959
76148
93706
55291
69067
75743
28748
92155
11436
30827
47409
375
26644
2248
47500
73187
62118
17510
14438
7808
45789
47298
18264
38626
60344
18892
72286
55191
31784
27621
29437
7322
97910
18061
15366
91197
92269
18753
49474
96086
3453
91242
55667
48717
7088
91934
13894
86867
76232
9669
62498
77847
3956
19252
47873
18517
10353
32118
10101
1635
74603
54590
19623
23910
61573
97459
18364
98055
69133
91562
39257
61628
53939
94707
44215
58192
84521
91127
1731
37587
14583
20432
7864
84207
4209
79190
22751
65967
21017
1424
51955
55524
89116
59545
93245
74981
65781
40112
92976
29794
55531
20552
35628
68354
49487
16401
97404
27769
52481
81139
7339
51418
24077
97779
73307
79309
10119
90757
61398
62575
41050
85550
84133
53097
49868
21603
7165
48690
84757
55603
25523
35378
14208
13683
10198
47540
79061
43970
3676
31395
21333
70984
13954
8561
27775
78264
1438
99158
40516
24607
72311
26440
83674
4242
31501
35280
11146
74727
74029
5881
73890
63413
5987
6297
41232
12217
40449
1111
46746
98524
37015
52184
65564
25543
41218
98545
51202
95117
46640
16976
92098
88432
12763
43426
97183
66005
13238
65821
19685
3104
50084
62515
76855
4903
38026
21131
19862
89440
60700
10322
82044
12227
30352
28265
89320
85749
18463
94182
21108
65748
67672
95514
79788
85379
68588
44749
58652
17196
44436
38121
47227
81719
5244
93423
50807
31340
27370
80004
79544
9830
19975
74304
82285
65211
12767
1958
18693
40572
71714
11425
65393
12335
59612
41119
22245
38745
21164
8934
36715
75564
46316
11695
9323
23486
93146
60390
33809
62031
33557
57939
85235
18408
16248
74545
63997
5189
47641
37568
52551
53612
81223
89205
16906
57780
48068
67171
81871
41110
48979
10943
54158
66314
58994
34449
89463
5593
81345
84392
7478
97129
32088
91717
73505
1041
20258
13801
38097
49259
20736
74728
52334
9565
29235
50885
60591
87706
12255
45735
61063
61405
84211
70138
60929
14302
11248
23628
95915
14201
52028
56769
26145
52628
43086
8450
41587
44882
79215
63739
27870
92050
97161
62419
36487
59582
71444
20413
61599
19072
83914
27979
41967
74475
4105
78784
49844
8178
47381
56375
62050
27973
27720
3007
99433
89610
55433
35369
33039
23082
18577
9077
35901
53093
10709
39103
93350
59168
55013
68783
87771
34006
24127
7044
12116
56168
44829
98720
38915
21565
26031
45780
54932
63127
62324
70189
90286
21061
91316
57250
46490
90819
74752
51005
1301
73519
78266
26025
94728
87551
75823
80807
18955
42432
87040
96253
97365
96563
96092
1859
19727
60117
19331
65463
41472
14890
88335
53265
34446
68248
94671
481
59055
16478
83138
58894
75809
12772
4782
28655
97741
24596
55073
91284
71576
78766
45624
25055
89080
75607
1883
48530
47683
2122
39576
40234
65809
16350
91660
65422
85054
59768
54270
53790
46101
46165
71102
55816
68572
44017
14860
23044
60138
56149
48905
23186
77973
21319
71141
57131
37359
86455
90249
89165
57343
83113
37125
92024
81313
13005
11484
13606
11749
85147
2153
80774
13588
65064
98296
98530
81766
71399
13068
83037
58209
65976
76183
4277
87518
37998
55134
29213
72297
49948
15007
25632
61548
16310
45955
60810
54124
92253
97144
996
29351
66527
37172
35076
86334
34668
40291
54357
88250
31661
544
54336
4282
2035
3440
20103
49074
68021
97156
78636
41611
43920
22336
74997
56363
31697
72841
25252
80775
84467
51552
6760
75740
56243
16891
83397
51172
95435
22769
52837
67800
20767
57331
30273
13051
93064
16558
66093
15515
82764
75619
51381
99899
82223
20847
42258
12223
12224
3360
57333
1512
82430
77763
20060
3646
92743
71260
10324
74946
50122
3314
97299
96229
17111
83160
82772
46939
24452
31420
85527
29065
38918
25405
70178
49559
34141
86410
6782
36040
10874
18844
82239
3033
75937
13555
14540
60178
78105
16080
14034
23675
12160
10142
64781
47369
27259
51222
13195
64361
2877
54230
9643
63768
82009
10002
27563
90090
55038
49185
41102
59097
21116
23567
39158
1329
23419
86463
74356
82734
79515
4122
15362
44932
63427
80478
78642
71628
657
20760
68386
97215
33357
15937
25276
79444
3873
70248
3019
67894
67075
99740
19968
28351
47826
15045
28437
3866
42931
18161
28804
10937
95386
90649
16591
35073
35870
63120
26114
12054
45685
92809
72285
85449
38577
61216
64985
57155
52421
25304
32780
22670
25936
94030
36842
51488
13486
76499
77015
40840
21712
26978
94641
63941
56815
58478
55540
78162
97921
35608
41779
81646
14097
79599
50206
56270
26177
74336
82929
58904
21921
4424
67024
33169
76922
53714
38466
79152
84554
69533
46170
52206
3924
15027
56280
24368
9521
28204
48714
48754
19010
41215
16030
1262
41758
90215
1428
93952
43105
28019
60997
74379
42147
30493
73615
8681
50540
78879
27810
69109
13489
73525
36444
93882
79679
87994
9807
75228
84707
55279
89408
99116
57043
41652
41958
25837
6509
64740
65359
6133
55212
15631
16265
59347
22431
78830
42844
77485
50181
30988
75551
2787
37360
2337
84366
75465
609
60525
37272
17178
52797
69142
5127
44222
84512
61589
12467
54405
94798
39452
36002
41574
98787
45327
52473
10455
72935
41048
64725
80258
6169
51554
91286
64662
84029
15913
49008
80999
13466
3838
29362
6269
1362
18184
13780
42317
90124
94929
57105
29667
22307
11536
94910
48349
70458
647
90209
6880
34037
5646
14523
6291
9835
34567
43165
90167
80314
49749
35377
91575
22326
18056
76474
60384
15715
16552
41855
19398
98701
76563
54171
83480
58560
87586
16039
68388
69152
31525
75744
62642
86673
64238
36771
42193
95795
63269
29600
12032
34578
38828
10852
46269
73205
31768
86439
84821
96373
91090
10225
9849
64828
7899
27849
1720
87883
61361
50470
24630
63916
13701
44623
27349
77401
99824
69159
67361
41072
99678
40871
92866
59509
85890
20184
66127
13849
28676
47663
50538
59301
81327
67300
26610
52455
24635
8996
36416
55455
21521
89950
40258
75660
84984
13377
19305
60418
14047
97652
14444
31531
2174
60404
24514
34964
3746
62421
86754
69584
59328
46131
34809
15509
72129
11018
46455
56554
27795
19742
52026
65823
56472
66574
43743
6967
57847
48467
12820
6440
50137
95944
55389
25419
38535
24831
52781
23153
77863
36166
69410
79619
64699
67976
56828
14311
89281
6536
84717
32629
14559
28780
15097
6964
4677
34888
31295
8630
69747
13242
36105
29683
81293
91686
93824
51368
51496
13278
28821
96196
90660
35162
64903
26962
22417
26683
45564
83479
37747
92517
78159
37745
96191
407
12352
24258
65960
81542
62489
96874
40019
90169
31276
22312
41302
21842
24555
43536
59666
1669
87298
62206
56088
43785
2729
23267
34581
10089
22377
99648
1275
77857
46156
62105
76435
64003
32441
61940
14337
5921
2279
74352
89135
29922
68848
65948
21928
98958
19212
12308
13106
39924
96493
43997
59325
64312
96313
45977
71527
86954
63765
33231
47748
1777
46219
39470
93081
67873
87023
78085
63485
14779
35381
89887
68066
95448
83859
2716
19385
53781
28869
86424
18564
46818
65251
4050
32029
75705
97125
91200
56455
47109
27041
97565
11701
25407
49516
83720
14146
35903
82167
88971
71423
58886
69062
22931
34774
45723
43410
51252
77220
54695
36208
40543
24978
5387
75958
91991
80264
16116
56814
59641
74273
45481
37802
14442
65395
89853
19284
61121
89249
19690
68575
81762
87073
21313
39799
63809
37782
38630
2043
59488
5367
28485
37095
77735
16178
6972
64011
40084
667
56403
86540
84
6540
32955
18051
45903
65797
73498
20321
11272
93480
35477
18696
96082
25785
56629
10579
38116
28686
4212
62020
46482
32601
88932
83498
50625
55386
52312
12863
34243
39586
78255
40728
22715
73912
57123
88987
42268
75781
18242
89564
26149
32770
17785
54566
72651
26151
39460
39976
11219
38972
82355
60444
71543
24034
49278
57264
12588
18167
69018
57920
41059
89805
93401
46865
61391
46424
56055
61151
55116
60461
3627
73257
3463
55170
11590
99071
18426
80636
39634
31804
76064
67135
48904
16682
81381
71207
38449
7017
99003
51466
16506
52814
87828
780
60661
67896
60322
7123
11096
7168
35412
85181
43710
77901
12766
74113
63106
90517
43425
7977
15917
97055
76626
88396
66954
96909
93972
6949
91956
26878
67667
18894
73668
97048
64920
29300
88562
83842
20286
82344
40749
94259
845
63564
81744
90148
26306
15035
8800
4
20056
79140
15864
68134
12696
32401
26777
13579
62094
3231
66296
58171
51211
7294
15966
39311
63402
24123
30792
71659
34114
80315
89302
57557
80892
16147
56669
19168
83387
2838
24223
18571
97596
86175
31546
22383
67045
97211
91701
71654
26260
62411
62975
38015
37938
87495
13109
77170
64613
48147
87516
36068
51273
50570
91442
14068
60812
54643
55683
3666
37148
59910
15745
73952
51043
1444
76092
39683
4467
84555
85252
86139
81248
58258
5587
46494
18258
61329
94773
60076
36294
1195
20750
65956
27627
45722
68820
67245
8226
22871
85972
19844
46119
85974
94268
44471
60225
93740
18355
36482
99956
86303
39705
51633
8940
84559
63405
49351
61833
79408
86372
23642
75502
92864
66450
86364
68869
33977
16963
77182
76116
45625
76610
80933
52923
8856
5888
3869
20863
30369
12653
87197
13922
65461
89040
62444
42422
99602
30347
96029
31013
13819
22806
95441
50342
99066
55057
8437
8116
80203
32831
15004
4904
9552
57872
49063
79499
82744
3861
22815
42094
14111
91583
49496
17460
83544
75206
72937
26179
25653
33095
64369
57345
88978
37498
29556
97275
21245
56893
69275
25204
11274
76298
3177
82459
87642
12609
26678
4356
686
47128
53480
74487
9432
24288
89438
95679
95457
84178
69226
65034
24921
27194
74759
62093
65647
46151
46725
81065
73229
18071
8802
57524
56034
81981
49298
9288
74599
10242
16671
67796
39089
13226
65367
30221
6747
78838
70849
43374
2954
37997
51173
92179
46911
20691
37757
9801
75413
31640
67863
80117
65542
40925
52326
7424
71557
91425
14532
76385
61732
34478
85620
3929
4230
44308
55234
34194
26281
43848
7784
18256
26769
71707
96190
43202
99266
86944
8169
30882
64691
73905
79954
4634
45330
9275
54557
78400
96900
80272
10563
72276
62753
16969
35456
94808
5471
13639
4666
65089
66532
29523
85240
45908
56559
62599
39769
29852
2810
7255
3454
25712
70016
79709
49727
89383
89600
2371
72416
63199
6834
50741
49444
91152
16415
56324
91925
55945
72029
18057
15149
57403
15465
80694
48196
46109
25381
44974
57216
7592
31217
30413
12057
77151
1317
29769
54141
97973
98640
70283
6000
1952
94349
32757
10041
7425
16608
57482
23670
37040
5730
41173
45831
78959
85879
32013
38327
17002
79445
52142
62744
86190
16040
86060
10066
10011
32794
71256
26982
64871
92439
96366
46787
28873
58135
93471
48094
72273
38362
85674
32008
69054
35066
41793
91458
70964
13681
7077
45434
53848
92471
81509
63728
10282
17974
68287
30216
39968
97243
72478
27625
16088
48809
95015
18607
4701
30815
91533
57708
85184
59475
14973
2790
65392
35428
36433
50354
11074
7827
36581
79920
50323
64927
2470
50146
58198
5821
29418
26965
49719
24173
86497
56503
69794
6849
86560
39996
4103
70981
45587
3406
98890
44068
34410
98738
77458
28382
99254
44688
95130
81465
56895
56039
96392
98618
7486
14314
72521
50870
94541
88862
37672
70092
60752
75052
94269
74488
68014
34091
21305
49976
61254
97731
31224
17284
1990
36791
89469
35965
32759
71146
38774
44241
74852
51721
5060
80681
35949
47408
35225
86406
32835
85594
79691
16293
40225
74506
86609
42072
34670
23433
58170
60650
2263
57659
1162
61137
47018
62941
83590
72955
28553
53557
7678
75965
10426
36234
79996
72279
41160
8394
57729
33817
36194
16675
29808
82619
19254
80995
85980
6498
30496
15000
85799
5046
24150
89711
66416
57712
76007
41593
5499
94025
29878
7970
93657
33954
33743
2112
88917
46312
94151
78719
30762
45839
14308
10155
66445
14835
66982
10151
31061
26744
42701
74758
48674
89262
54521
9357
55898
37104
3236
42800
79556
43907
53495
85456
49114
61693
38543
81515
4083
48274
5847
38125
19669
77493
3346
13924
79827
27719
41039
66951
93817
97261
66608
76216
93433
45095
28163
49655
76373
4272
86122
95192
19670
49950
99957
85093
10281
10133
29436
74108
65994
75292
82617
71857
96200
54798
70643
15891
69174
6741
79574
61909
86402
68740
68201
57805
41541
35282
25562
75398
38412
31985
43081
31860
47443
30263
59745
41263
98066
15127
90842
31594
58328
96049
53729
47432
10445
46135
73460
66275
10019
47486
85633
63459
79327
30192
58847
54899
30115
74624
16420
70466
32105
53427
88356
76645
87281
18106
79370
34115
37602
44770
41136
15461
10683
53543
55184
19450
64775
82920
25965
23581
59515
2033
21859
15832
54870
34521
72689
61585
97367
13237
16567
4466
56547
3136
90445
9570
17351
67488
69377
55359
46447
16705
52732
91347
72999
31645
93321
15601
44146
44124
77526
79791
80822
14125
94657
5929
9666
96829
46525
58837
53592
82684
58950
97084
57106
37917
99308
62535
91765
96133
24045
94857
77274
66764
10982
19956
1020
77798
77732
48480
88330
85118
59444
49725
42000
57486
23163
66672
94703
77080
36608
12700
30443
38974
64656
44710
6329
73941
68838
75999
66614
55927
37389
42310
50340
41756
99260
23385
18769
5496
96288
95811
27614
56431
68044
36471
75384
80671
41204
13037
45527
37328
21704
15538
37728
35893
63784
57529
29312
22193
37811
34003
79451
98758
13909
30366
87350
36520
18481
12579
27111
72373
66676
98941
22131
78432
5209
70756
70505
25576
873
3378
48436
36941
74863
55902
95956
58304
68274
16538
59486
38658
14367
93880
92579
15720
58249
56657
64651
34479
11385
17933
95896
87649
46362
10363
97553
29155
95336
9745
20542
66461
43953
36190
59436
82657
96406
67219
88091
9710
5027
56803
13164
92419
68327
41618
24955
73160
86655
82061
4670
83164
82219
1044
32232
17940
76853
49310
28863
88257
25647
34771
61618
19848
63505
24524
96149
65106
26027
83200
11627
67673
94802
98231
28074
419
56927
8816
64315
73103
80113
27334
93059
23345
5087
54808
34481
80396
49845
82709
76532
30764
83586
45705
63469
69528
86106
23601
39334
30394
38288
87552
64254
82578
51407
78360
46809
71226
63040
38720
12652
28695
98954
37653
54997
58611
42650
86824
55687
15180
23094
60913
41799
86587
14881
45557
91353
52178
92382
16784
63404
64117
78781
54002
90075
30783
3796
38132
35117
66517
28194
53609
7969
73696
42361
34289
88472
41630
53900
51298
57927
55731
52255
34170
7160
35168
63636
95444
44543
83396
5980
40437
58672
29007
75039
21828
70256
27027
81957
80386
80052
43212
16936
79293
70748
2610
94663
2767
49700
46229
72468
8318
85843
6450
67980
27585
47460
70185
26009
20577
70215
51842
94086
30059
38035
21155
43450
54184
28261
72476
96119
32598
1787
4728
2625
98975
69016
13437
65732
52158
5542
20571
37105
39513
30147
82779
90186
32415
4427
35711
16206
49526
85888
52527
17195
97062
35389
11130
10030
9684
94648
92207
99927
96028
54444
2641
1932
97340
71001
79281
19902
96452
77095
51265
25465
79389
40919
42431
55725
67155
3071
39603
35920
60149
26563
13065
34638
85989
75523
61787
49359
38173
56299
12197
29131
53258
73530
36511
63353
37279
92127
69888
66400
32062
50123
2256
65147
95362
51595
48855
99968
93661
14195
59279
29368
3262
52081
30423
58600
48473
62495
73813
14280
84255
40712
43572
82564
10962
12502
73516
27221
64200
77779
32763
10995
18524
52847
80804
62064
68603
94769
74270
99690
30465
7724
64673
33033
53983
40823
44285
19741
4785
42132
90308
74096
78476
53285
730
35146
90491
27423
98964
73716
64058
71511
65511
41027
85460
30898
42183
60472
92912
63307
67427
72719
96951
96084
10673
13768
91652
10158
49241
16683
99206
1785
68149
98061
15922
21783
25869
57357
14898
5119
55598
64904
22376
82072
68758
63857
18332
98172
54807
52350
1213
38895
15411
57079
38564
94364
88694
35534
68482
42255
80622
48710
73899
85225
21750
18548
68583
89787
26799
93647
48660
68076
79235
32930
61880
43276
97879
94388
17739
21527
93727
1287
41640
54565
23491
19706
61668
8788
734
40873
91942
24598
26118
90969
12300
70481
60108
43389
12414
8009
81916
61432
77916
20506
8751
45934
83406
73289
29626
45214
82420
1851
25249
35989
37249
55858
76607
95593
40075
48139
81854
52857
33390
73546
70912
84095
26553
10154
77678
13497
95768
36698
23373
34463
73880
13411
16607
68461
76980
84519
50193
43274
75452
36338
96634
80725
87621
27434
22033
350
30386
11971
80599
19200
18786
62320
32
42380
10195
6840
17953
67070
57630
55758
87142
61825
42872
39656
65585
99615
15374
31558
73419
51543
50532
92568
62190
46529
40863
68417
41546
69558
10249
79348
28036
21773
83069
93237
18728
57310
73464
57887
32838
89832
15760
73125
57070
85471
45636
3315
47931
61089
87823
45349
55584
80868
73373
25032
50129
49047
23462
97993
1398
25668
57944
47315
68944
25544
735
76832
43050
12334
48348
33260
65902
1703
79531
35786
4394
84832
36038
84105
62748
52205
5756
91160
92309
33166
35936
81955
7500
74996
3988
94113
61709
79632
82868
59569
64264
22776
62055
84875
13616
5006
48435
3779
80336
93495
96494
23187
17255
10855
54994
15653
58114
83555
93138
41187
12776
71314
36369
25451
85865
96659
2185
43603
88079
41481
92970
22179
48005
67677
1857
87096
52844
54575
87519
8513
25289
99784
65735
19334
95545
34948
11005
22621
5833
36113
26041
90271
66252
53641
22671
83270
97888
422
40784
35882
73473
45964
15429
44754
61112
74471
74211
60687
11555
15238
11870
23920
95623
11326
24334
41615
77483
82132
2635
22195
1368
28511
83616
49090
60338
10652
94932
32339
40341
89245
84189
25046
97964
99068
96745
17397
40696
6990
49716
92525
37627
23331
36564
18405
74060
54261
29617
24673
35756
26112
23214
38657
33994
91430
57619
34674
12112
64210
46550
75850
47659
45725
84125
68556
58939
90051
50551
20408
70510
74542
27611
92037
56866
45471
84673
89393
37839
27190
44850
91705
66029
72300
97403
35251
11895
67275
27619
33844
28607
61300
34189
4121
15112
67768
86288
82721
24435
62286
18325
61242
76915
42335
48795
73894
49533
86285
77121
4436
42253
91919
13711
82506
47039
20807
43871
44128
84919
13134
24525
46924
40144
21331
61189
71667
98572
2850
57541
80820
59827
77801
75492
91029
57012
95807
52341
31927
33105
94813
48918
44286
63249
88939
52579
39344
5259
30710
66448
14136
55179
55822
35305
75692
3742
21499
21808
39397
78230
91439
68692
26012
74447
98546
18290
17025
43666
11848
40537
18541
45364
60124
51903
21671
60370
86325
26267
22553
39489
40308
10534
24195
30957
26649
57219
11818
94913
32077
20203
89746
72790
648
62566
20883
45182
13095
61708
72067
90018
51648
91590
27851
61906
87613
49321
60749
31816
12559
50800
16843
41727
17501
52413
37118
88440
95731
55652
78241
51622
70007
9392
45464
87802
97049
76864
29057
79760
23351
30822
48382
47484
44544
208
78534
52190
10127
84617
30156
18098
65529
24637
5799
27686
39575
57068
12170
44510
85726
23576
55798
19758
37350
40775
50700
88509
63000
4564
34212
55277
23529
21435
52194
89435
13950
60938
45388
89923
96032
13291
85966
53015
1602
21087
41815
16874
66449
89954
59597
1518
63719
85697
87843
52652
7144
39708
55703
33901
97263
83115
15198
59017
65806
48866
62068
93326
43917
70126
47823
14637
23440
55583
69692
99563
50262
88436
10486
19711
911
92741
77352
33795
25901
80546
95371
57001
6362
60917
36924
5222
15931
60325
48117
6563
78555
89966
33072
44231
88473
38816
3084
71139
35027
23426
38435
46777
54664
2296
58559
39017
83359
4668
78089
14638
46824
95932
4798
69634
96820
51932
32588
22968
11016
70121
12395
16522
95261
18958
82958
64677
56505
36004
45270
60035
90307
80903
31994
96034
68623
60085
5326
42806
48863
5018
19234
79869
94871
83599
13254
50058
67191
95079
10323
44272
83458
98207
39581
55381
52525
2933
24108
97880
33666
94580
85576
97345
10391
56811
15260
25119
74828
34206
39741
80685
67376
70668
31949
90997
6400
49051
75148
61986
28207
99708
57271
36016
97893
90290
24341
36287
65740
88006
5995
79249
52254
23758
88894
37344
35740
662
53370
27149
54306
86142
17008
